befc<- list(c(11:16),c(17:32),c(33:47),c(48:62),c(63:78),c(79:93),c(94:106))